time, n, G, p
5400, 64, 10, 1
15164, 128, 10, 1
53927, 256, 10, 1
208852, 512, 10, 1
827429, 1024, 10, 1
3303775, 2048, 10, 1
2985, 64, 10, 2
7993, 128, 10, 2
27373, 256, 10, 2
105255, 512, 10, 2
416518, 1024, 10, 2
1659172, 2048, 10, 2
2640, 64, 10, 4
5154, 128, 10, 4
14875, 256, 10, 4
53914, 512, 10, 4
209430, 1024, 10, 4
831733, 2048, 10, 4
2666, 64, 10, 8
3863, 128, 10, 8
8790, 256, 10, 8
28376, 512, 10, 8
106279, 1024, 10, 8
416981, 2048, 10, 8
3623, 64, 10, 16
4154, 128, 10, 16
6600, 256, 10, 16
16476, 512, 10, 16
55644, 1024, 10, 16
211502, 2048, 10, 16
5086, 64, 10, 32
5261, 128, 10, 32
7805, 256, 10, 32
15241, 512, 10, 32
33049, 1024, 10, 32
111487, 2048, 10, 32
5588, 64, 10, 64
5826, 128, 10, 64
6378, 256, 10, 64
9107, 512, 10, 64
18761, 1024, 10, 64
58118, 2048, 10, 64
